Invalid Scores:
  -33  104  300  -34   -3
  101  245  -42  -10  -33
  104  300  -34   -3  101
  244  -40  -11  -13  168

Valid Scores:
   78   55   95  100   60
   80   89   40   23    5
   87   29   87    0  100
   55   33   23   75   45
    8   35   56   87   43
   16   71   28   83   59
   60   99   39   61   86
   15   34   67   73    0
   51   78   55   95  100
   60   80   89   40   23

Highest Valid Score: 100
Lowest Valid Score: 0
Average Valid Score: 57.00
Sorted Valid Scores:
    0    0    5    8   15
   16   23   23   23   28
   29   33   34   35   39
   40   40   43   45   51
   55   55   55   56   59
   60   60   60   61   67
   71   73   75   78   78
   80   80   83   86   87
   87   87   89   89   95
   95   99  100  100  100

